3,1
3,3
10,115
10,111
10,153
10,209
10,165
10,237
11,13
9,7
8,12
8,10
8,6
8,15
8,13
8,9
8,8
12,3
20,2
12,2
20,1
12,1
20,3
11,30
11,29
11,28
11,27
11,26
11,25
11,24
11,23
11,22
11,21
11,20
11,19
19,2
19,1
11,18
19,3
11,17
11,16
11,15
11,14
11,12
11,10
11,9
11,8
11,7
11,6
11,5
11,3
11,2
11,1
10,317
10,316
10,315
10,314
10,313
10,312
10,311
10,310
10,309
10,308
10,307
10,306
10,305
10,304
10,303
10,302
10,301
10,300
10,299
10,298
10,297
10,296
10,295
10,294
10,275
10,263
10,261
10,247
10,245
10,225
10,193
18,1
18,3
14,1
14,3
13,1
13,3
10,145
10,87
10,79
10,71
2,2
2,1
2,3
10,65
10,1
